8127.000000
1327.000000
8498.000000
2784.000000
6628.000000
4827.000000
4965.000000
9469.000000
7069.000000
6694.000000
7479.000000
4054.000000
5423.000000
4503.000000
6567.000000
1788.000000
6025.000000
5454.000000
3507.000000
8098.000000
4769.000000
8518.000000
1818.000000
7859.000000
6876.000000
9027.000000
2567.000000
5703.000000
9527.000000
9186.000000
5581.000000
4006.000000
513.000000
431.000000
3142.000000
3493.000000
5258.000000
8107.000000
9315.000000
2327.000000
4801.000000
6794.000000
2734.000000
6577.000000
7649.000000
5653.000000
8365.000000
3674.000000
1107.000000
8224.000000
8124.000000
2228.000000
3094.000000
9942.000000
87.000000
6323.000000
8969.000000
9006.000000
2026.000000
4849.000000
8192.000000
3959.000000
5207.000000
5058.000000
4390.000000
8350.000000
8551.000000
6000.000000
2809.000000
7866.000000
4680.000000
7611.000000
1012.000000
7414.000000
540.000000
8661.000000
3067.000000
5257.000000
8687.000000
526.000000
9834.000000
6812.000000
2755.000000
2928.000000
3106.000000
9194.000000
5603.000000
2076.000000
8201.000000
3982.000000
3277.000000
2745.000000
7941.000000
8484.000000
7803.000000
2332.000000
3186.000000
2707.000000
4684.000000
5996.000000
573.000000
9364.000000
9959.000000
7938.000000
6778.000000
499.000000
6599.000000
6197.000000
2108.000000
1639.000000
6724.000000
1942.000000
8451.000000
5831.000000
1223.000000
7909.000000
5025.000000
6826.000000
6337.000000
9578.000000
808.000000
9614.000000
2324.000000
5102.000000
8099.000000
6479.000000
3786.000000
1285.000000
9186.000000
8470.000000
3633.000000
6112.000000
7835.000000
3592.000000
4050.000000
965.000000
4091.000000
7001.000000
7163.000000
2552.000000
8640.000000
239.000000
846.000000
3443.000000
6070.000000
2069.000000
1353.000000
7447.000000
5248.000000
7690.000000
7026.000000
2408.000000
7305.000000
5702.000000
7510.000000
1756.000000
2181.000000
7648.000000
9393.000000
1368.000000
6119.000000
3027.000000
3832.000000
306.000000
6619.000000
7882.000000
7623.000000
7063.000000
1235.000000
4786.000000
9615.000000
9876.000000
1377.000000
461.000000
3319.000000
3799.000000
8883.000000
1024.000000
1247.000000
4131.000000
8715.000000
4625.000000
2891.000000
2372.000000
327.000000
6754.000000
4128.000000
2508.000000
4402.000000
9873.000000
228.000000
521.000000
2900.000000
4060.000000
7179.000000
5872.000000
8294.000000
4803.000000
2935.000000
9530.000000
5941.000000
2550.000000
5758.000000
7319.000000
9363.000000
5429.000000
1118.000000
8246.000000
6454.000000
8717.000000
8729.000000
1521.000000
3342.000000
1621.000000
3893.000000
3669.000000
8375.000000
4373.000000
6178.000000
2777.000000
4246.000000
6406.000000
9651.000000
3499.000000
6819.000000
6830.000000
9371.000000
5113.000000
7985.000000
2306.000000
995.000000
3927.000000
1208.000000
6753.000000
1246.000000
571.000000
8535.000000
8716.000000
8818.000000
4989.000000
3786.000000
3899.000000
2862.000000
7128.000000
5520.000000
6755.000000
7150.000000
3895.000000
7480.000000
3328.000000
3025.000000
1726.000000
6086.000000
9028.000000
1577.000000
9257.000000
5858.000000
948.000000
723.000000
3844.000000
3254.000000
1718.000000
4123.000000
814.000000
4824.000000
1721.000000
1386.000000
3359.000000
437.000000
6556.000000
4700.000000
575.000000
455.000000
7562.000000
7704.000000
2328.000000
669.000000
4854.000000
2575.000000
8149.000000
4534.000000
5600.000000
6227.000000
6972.000000
4628.000000
7805.000000
6230.000000
6839.000000
8753.000000
6953.000000
7035.000000
8360.000000
5023.000000
1158.000000
9174.000000
6199.000000
2879.000000
560.000000
9558.000000
9668.000000
3468.000000
610.000000
244.000000
3924.000000
8172.000000
7948.000000
2604.000000
5193.000000
9154.000000
5179.000000
3342.000000
40.000000
780.000000
9570.000000
7012.000000
1760.000000
7375.000000
9594.000000
8599.000000
2480.000000
6547.000000
1986.000000
840.000000
7923.000000
3144.000000
15.000000
4122.000000
6023.000000
6927.000000
33.000000
2044.000000
396.000000
643.000000
2288.000000
672.000000
5168.000000
6588.000000
3276.000000
361.000000
5742.000000
8455.000000
56.000000
5782.000000
5587.000000
5978.000000
9146.000000
7348.000000
3353.000000
8741.000000
2299.000000
5833.000000
1640.000000
4286.000000
3026.000000
9563.000000
3782.000000
3041.000000
38.000000
6158.000000
6320.000000
71.000000
8202.000000
6716.000000
7066.000000
490.000000
3740.000000
2234.000000
7078.000000
7016.000000
8948.000000
9172.000000
1824.000000
5356.000000
1306.000000
7411.000000
1334.000000
452.000000
1111.000000
1039.000000
5545.000000
9763.000000
6872.000000
3538.000000
401.000000
6250.000000
3101.000000
4183.000000
5643.000000
9491.000000
341.000000
1964.000000
9562.000000
4895.000000
8680.000000
2981.000000
5385.000000
2421.000000
5215.000000
8815.000000
5789.000000
515.000000
4339.000000
7613.000000
5871.000000
1997.000000
5025.000000
7205.000000
8802.000000
2488.000000
8244.000000
4347.000000
2251.000000
1469.000000
7885.000000
9004.000000
4071.000000
7339.000000
3188.000000
9715.000000
3182.000000
9881.000000
1679.000000
9097.000000
1129.000000
359.000000
2078.000000
2866.000000
9132.000000
7293.000000
1682.000000
4922.000000
4161.000000
2373.000000
2535.000000
6384.000000
723.000000
3912.000000
9942.000000
9525.000000
2753.000000
8186.000000
224.000000
1356.000000
6007.000000
4462.000000
361.000000
79.000000
1801.000000
9901.000000
9794.000000
1335.000000
6134.000000
7825.000000
432.000000
7263.000000
8184.000000
2510.000000
130.000000
3669.000000
6156.000000
8164.000000
8591.000000
317.000000
537.000000
7478.000000
6701.000000
1260.000000
7743.000000
6643.000000
7137.000000
496.000000
1182.000000
7362.000000
1852.000000
3541.000000
1824.000000
2213.000000
9972.000000
9977.000000
2114.000000
6118.000000
1312.000000
8249.000000
3943.000000
1745.000000
5512.000000
8480.000000
4255.000000
1994.000000
2149.000000
411.000000
158.000000
7092.000000
7080.000000
696.000000
4570.000000
134.000000
8308.000000
2313.000000
3129.000000
1798.000000
2809.000000
663.000000
9160.000000
1014.000000
557.000000
984.000000
3227.000000
529.000000
7313.000000
1694.000000
6648.000000
8625.000000
6295.000000
6943.000000
6722.000000
8159.000000
5423.000000
7330.000000
154.000000
3924.000000
4093.000000
312.000000
1016.000000
7526.000000
7360.000000
5587.000000
7660.000000
2021.000000
7900.000000
7141.000000
3819.000000
7062.000000
4157.000000
9331.000000
8076.000000
4714.000000
6667.000000
7655.000000
5243.000000
3980.000000
5701.000000
8243.000000
8957.000000
1996.000000
1539.000000
5680.000000
6508.000000
6962.000000
9362.000000
6662.000000
887.000000
3455.000000
3326.000000
1903.000000
981.000000
7039.000000
3842.000000
4993.000000
5412.000000
8095.000000
8487.000000
9231.000000
5157.000000
2644.000000
8562.000000
9585.000000
7358.000000
1581.000000
3592.000000
2601.000000
5561.000000
9294.000000
7197.000000
4518.000000
7642.000000
8736.000000
6550.000000
4150.000000
2050.000000
2264.000000
7164.000000
9289.000000
5720.000000
6843.000000
1193.000000
3053.000000
3882.000000
1387.000000
4399.000000
9294.000000
9482.000000
2886.000000
4877.000000
991.000000
5530.000000
9791.000000
6928.000000
2888.000000
1372.000000
521.000000
1841.000000
3285.000000
6167.000000
5390.000000
4155.000000
3809.000000
478.000000
7058.000000
7960.000000
2529.000000
9322.000000
1476.000000
1818.000000
1394.000000
8319.000000
9363.000000
800.000000
8553.000000
751.000000
5199.000000
4199.000000
6585.000000
4437.000000
9076.000000
7577.000000
9967.000000
5219.000000
857.000000
9207.000000
2943.000000
1378.000000
1048.000000
2580.000000
7545.000000
2791.000000
6736.000000
7707.000000
3269.000000
3794.000000
5667.000000
5798.000000
3116.000000
3495.000000
3969.000000
863.000000
1815.000000
3332.000000
1663.000000
368.000000
435.000000
3214.000000
4568.000000
7021.000000
7651.000000
9996.000000
950.000000
7618.000000
1568.000000
1807.000000
6825.000000
4511.000000
9538.000000
4225.000000
7092.000000
3435.000000
7016.000000
180.000000
1142.000000
6638.000000
3974.000000
3161.000000
2436.000000
3442.000000
6657.000000
6405.000000
657.000000
8472.000000
9738.000000
2320.000000
5192.000000
6525.000000
5534.000000
9760.000000
3546.000000
3185.000000
6109.000000
4496.000000
7155.000000
7677.000000
6304.000000
332.000000
2188.000000
2194.000000
4558.000000
5632.000000
5629.000000
7926.000000
5812.000000
6772.000000
4564.000000
6138.000000
9933.000000
3353.000000
5933.000000
2942.000000
9758.000000
6590.000000
1414.000000
5848.000000
8911.000000
2959.000000
2374.000000
797.000000
2719.000000
2272.000000
335.000000
8828.000000
6769.000000
7490.000000
2857.000000
9425.000000
7823.000000
1398.000000
1619.000000
8733.000000
7030.000000
7248.000000
3011.000000
9195.000000
372.000000
3928.000000
5333.000000
6658.000000
7281.000000
7618.000000
9600.000000
3391.000000
4209.000000
7367.000000
9240.000000
3120.000000
326.000000
7966.000000
3917.000000
9397.000000
238.000000
604.000000
4578.000000
3359.000000
8095.000000
7435.000000
2784.000000
2270.000000
8833.000000
755.000000
1003.000000
2216.000000
4356.000000
366.000000
1411.000000
4728.000000
4294.000000
3096.000000
1386.000000
1575.000000
715.000000
7339.000000
4967.000000
4924.000000
4706.000000
559.000000
4396.000000
1384.000000
4877.000000
4665.000000
781.000000
1467.000000
5270.000000
5359.000000
4827.000000
9717.000000
9147.000000
3963.000000
1987.000000
7980.000000
4719.000000
9342.000000
6548.000000
9075.000000
6060.000000
4311.000000
155.000000
355.000000
3760.000000
7894.000000
8282.000000
4475.000000
5233.000000
3249.000000
5751.000000
6291.000000
160.000000
6499.000000
7675.000000
5037.000000
7516.000000
4808.000000
6505.000000
2786.000000
6520.000000
7684.000000
8855.000000
2019.000000
1647.000000
7194.000000
6351.000000
6366.000000
6536.000000
2900.000000
1793.000000
2597.000000
7211.000000
8301.000000
9304.000000
971.000000
6195.000000
7586.000000
1798.000000
7780.000000
7188.000000
3901.000000
423.000000
7348.000000
6752.000000
4450.000000
8738.000000
4269.000000
9258.000000
5243.000000
3407.000000
2130.000000
9279.000000
2263.000000
4149.000000
926.000000
9457.000000
501.000000
3645.000000
2346.000000
3401.000000
5438.000000
1295.000000
6964.000000
91.000000
599.000000
4288.000000
6286.000000
8185.000000
6086.000000
418.000000
5373.000000
6340.000000
841.000000
9074.000000
3092.000000
5291.000000
7812.000000
7361.000000
902.000000
9407.000000
7121.000000
3032.000000
8686.000000
5736.000000
3534.000000
9612.000000
5193.000000
4035.000000
3257.000000
3891.000000
3788.000000
5048.000000
5186.000000
7104.000000
5139.000000
2137.000000
1392.000000
7778.000000
6675.000000
7479.000000
4548.000000
8400.000000
171.000000
5390.000000
7474.000000
3263.000000
7033.000000
5286.000000
6977.000000
7935.000000
1045.000000
450.000000
7320.000000
9731.000000
6186.000000
854.000000
5696.000000
7731.000000
1241.000000
5305.000000
1623.000000
1381.000000
353.000000
3161.000000
8485.000000
1845.000000
5299.000000
9878.000000
5975.000000
1974.000000
3709.000000
523.000000
374.000000
3880.000000
2265.000000
4201.000000
3495.000000
9299.000000
9487.000000
6824.000000
7234.000000
533.000000
7274.000000
906.000000
6616.000000
3460.000000
8112.000000
2312.000000
1192.000000
5705.000000
7618.000000
2815.000000
7086.000000
4323.000000
2328.000000
5572.000000
2520.000000
7627.000000
1802.000000
8495.000000
5953.000000
5511.000000
5371.000000
2680.000000
5743.000000
7636.000000
6881.000000
9238.000000
6935.000000
2720.000000
6063.000000
522.000000
9605.000000
3337.000000
7780.000000
6222.000000
3150.000000
5893.000000
4886.000000
4342.000000
7950.000000
2504.000000
3509.000000
5037.000000
3180.000000
5837.000000
6961.000000
5700.000000
9817.000000
8763.000000
548.000000
2122.000000
626.000000
5919.000000
4802.000000
6369.000000
9907.000000
8035.000000
5607.000000
3195.000000
756.000000
8022.000000
69.000000
6713.000000
7712.000000
7849.000000
9287.000000
7214.000000
94.000000
4174.000000
1556.000000
8045.000000
3030.000000
1417.000000
3082.000000
6210.000000
3606.000000
6395.000000
1911.000000
9775.000000
5158.000000
2459.000000
1898.000000
2136.000000
4730.000000
3052.000000
8505.000000
4637.000000
1088.000000
464.000000
7832.000000
8196.000000
4839.000000
7901.000000
1261.000000
2551.000000
2103.000000
549.000000
9765.000000
2197.000000
1075.000000
7673.000000
6594.000000
457.000000
5442.000000
6028.000000
6668.000000
5400.000000
2423.000000
4931.000000
5176.000000
3933.000000
3742.000000
3426.000000
6069.000000
8472.000000
6478.000000
4574.000000
9461.000000
3918.000000
1391.000000
7294.000000
8466.000000
6230.000000
1547.000000
9728.000000
5133.000000
3650.000000
6629.000000
4898.000000
2200.000000
7704.000000
8923.000000
8794.000000
8161.000000
717.000000
4823.000000
1181.000000
6117.000000
7246.000000
6112.000000
1293.000000
7532.000000
9854.000000
4719.000000
3601.000000
4678.000000
7550.000000
4528.000000
4140.000000
1468.000000
5919.000000
7786.000000
9935.000000
2149.000000
9333.000000
6015.000000
3634.000000
9336.000000
2644.000000
4884.000000
7888.000000
6700.000000
3807.000000
6682.000000
1213.000000
4524.000000
7857.000000
2395.000000
641.000000
1456.000000
4859.000000
8287.000000
8988.000000
1066.000000
9358.000000
8941.000000
5744.000000
3260.000000
3469.000000
9884.000000
1081.000000
9388.000000
7670.000000
1016.000000
7889.000000
3356.000000
3383.000000
1523.000000
9044.000000
6027.000000
2759.000000
6932.000000
9079.000000
6566.000000
9966.000000
292.000000
7442.000000
7824.000000
2687.000000
4436.000000
5632.000000
7547.000000
2723.000000
4620.000000
4965.000000
8433.000000
3561.000000
709.000000
1694.000000
7031.000000
6946.000000
2775.000000
2771.000000
4616.000000
143.000000
7013.000000
4324.000000
3526.000000
4888.000000
3368.000000
5905.000000
7648.000000
300.000000
4984.000000
566.000000
267.000000
5276.000000
8009.000000
4443.000000
4316.000000
2445.000000
75.000000
8215.000000
1520.000000
1047.000000
3180.000000
9953.000000
4608.000000
3889.000000
7999.000000
7991.000000
835.000000
774.000000
7115.000000
1804.000000
7269.000000
480.000000
2480.000000
7147.000000
1720.000000
5849.000000
3052.000000
9368.000000
2501.000000
4388.000000
6287.000000
9120.000000
6017.000000
4296.000000
3563.000000
333.000000
3093.000000
9990.000000
4900.000000
4613.000000
1037.000000
8080.000000
918.000000
1998.000000
8321.000000
5270.000000
6341.000000
5509.000000
6044.000000
9808.000000
3665.000000
9666.000000
288.000000
6145.000000
6813.000000
8361.000000
8346.000000
6218.000000
7729.000000
848.000000
606.000000
4016.000000
6320.000000
6623.000000
4664.000000
6236.000000
3308.000000
4109.000000
6226.000000
8208.000000
5074.000000
3616.000000
6288.000000
5993.000000
5614.000000
962.000000
1263.000000
8307.000000
6471.000000
3659.000000
4468.000000
6488.000000
3325.000000
4756.000000
2633.000000
6491.000000
9469.000000
980.000000
2709.000000
7199.000000
8180.000000
3315.000000
7567.000000
4500.000000
6291.000000
8584.000000
736.000000
9599.000000
2693.000000
3315.000000
7808.000000
7768.000000
6931.000000
448.000000
113.000000
8897.000000
1410.000000
7728.000000
3556.000000
4233.000000
7739.000000
8024.000000
721.000000
7417.000000
9133.000000
9707.000000
3908.000000
8602.000000
7039.000000
2969.000000
2153.000000
1571.000000
6284.000000
6073.000000
2423.000000
2575.000000
4657.000000
9512.000000
8527.000000
3702.000000
2827.000000
6335.000000
7822.000000
6110.000000
3135.000000
4287.000000
5007.000000
898.000000
8367.000000
8563.000000
1483.000000
2459.000000
2940.000000
8557.000000
9876.000000
2073.000000
8264.000000
136.000000
675.000000
1655.000000
3105.000000
2829.000000
3226.000000
5741.000000
5254.000000
5649.000000
4669.000000
9911.000000
5161.000000
3196.000000
9965.000000
7988.000000
5883.000000
4140.000000
4098.000000
5370.000000
8427.000000
5457.000000
6268.000000
6795.000000
373.000000
4104.000000
9254.000000
3313.000000
2661.000000
5482.000000
1738.000000
925.000000
1970.000000
8765.000000
8932.000000
1427.000000
7946.000000
2158.000000
7168.000000
3200.000000
7807.000000
8189.000000
9463.000000
9321.000000
7737.000000
9429.000000
3661.000000
9972.000000
3569.000000
4112.000000
5343.000000
1996.000000
9569.000000
7963.000000
5143.000000
6294.000000
2067.000000
749.000000
5959.000000
4728.000000
2583.000000
7697.000000
2005.000000
4553.000000
6463.000000
937.000000
2332.000000
4409.000000
3095.000000
9501.000000
7610.000000
7255.000000
4042.000000
7073.000000
6576.000000
1780.000000
2854.000000
237.000000
1752.000000
6423.000000
701.000000
7095.000000
4772.000000
271.000000
1411.000000
6267.000000
2917.000000
3478.000000
3369.000000
8877.000000
8207.000000
5952.000000
2926.000000
212.000000
6858.000000
9389.000000
1150.000000
9190.000000
151.000000
597.000000
5043.000000
4113.000000
7852.000000
5438.000000
1186.000000
780.000000
7218.000000
393.000000
7370.000000
5322.000000
6816.000000
8071.000000
8770.000000
7940.000000
4694.000000
181.000000
4208.000000
7612.000000
3659.000000
7577.000000
2841.000000
8218.000000
9881.000000
5767.000000
8431.000000
3091.000000
1509.000000
5933.000000
8634.000000
8012.000000
2882.000000
29.000000
2125.000000
7087.000000
5467.000000
9663.000000
7867.000000
2685.000000
56.000000
1589.000000
4360.000000
6873.000000
6013.000000
3130.000000
1165.000000
707.000000
3311.000000
1725.000000
4671.000000
3322.000000
9302.000000
3864.000000
1541.000000
5536.000000
9632.000000
6324.000000
4979.000000
7493.000000
2257.000000
3613.000000
5505.000000
1491.000000
3643.000000
3982.000000
8578.000000
9110.000000
3645.000000
2798.000000
8148.000000
3702.000000
4387.000000
2508.000000
6927.000000
6752.000000
1990.000000
8092.000000
7460.000000
5301.000000
9818.000000
2131.000000
8623.000000
5472.000000
5996.000000
6516.000000
7360.000000
1980.000000
2840.000000
2340.000000
5825.000000
5097.000000
2305.000000
7682.000000
2941.000000
5948.000000
1664.000000
1519.000000
1411.000000
5309.000000
669.000000
9559.000000
5363.000000
1409.000000
8419.000000
2290.000000
8161.000000
409.000000
6735.000000
5621.000000
2062.000000
6553.000000
4105.000000
7037.000000
8377.000000
6453.000000
3554.000000
2090.000000
4785.000000
6394.000000
4430.000000
6962.000000
7844.000000
6735.000000
4644.000000
785.000000
9036.000000
6308.000000
8656.000000
447.000000
7969.000000
9326.000000
6.000000
3333.000000
735.000000
4777.000000
5623.000000
8896.000000
5186.000000
2358.000000
870.000000
3600.000000
5263.000000
1327.000000
637.000000
9993.000000
7780.000000
4191.000000
2083.000000
8917.000000
586.000000
2865.000000
5879.000000
4782.000000
9600.000000
523.000000
5567.000000
8636.000000
3183.000000
4223.000000
5435.000000
1152.000000
3549.000000
5441.000000
4485.000000
636.000000
6570.000000
6461.000000
9533.000000
8108.000000
5171.000000
6755.000000
1708.000000
6787.000000
8082.000000
2346.000000
6780.000000
2214.000000
2889.000000
5215.000000
1131.000000
3475.000000
8080.000000
7010.000000
4609.000000
4032.000000
3885.000000
176.000000
2669.000000
7068.000000
752.000000
8104.000000
8220.000000
4301.000000
9898.000000
9058.000000
4938.000000
6468.000000
5519.000000
823.000000
929.000000
7042.000000
7578.000000
2637.000000
3829.000000
2012.000000
4983.000000
6961.000000
4226.000000
7873.000000
2176.000000
5357.000000
7700.000000
256.000000
8719.000000
2310.000000
4289.000000
2604.000000
8838.000000
3310.000000
6024.000000
9590.000000
7766.000000
596.000000
244.000000
4016.000000
9654.000000
1534.000000
6837.000000
1525.000000
2357.000000
7766.000000
8568.000000
6287.000000
403.000000
8749.000000
8299.000000
1739.000000
5711.000000
8877.000000
5964.000000
4239.000000
4234.000000
3664.000000
848.000000
9305.000000
2326.000000
1489.000000
8261.000000
7517.000000
4799.000000
4285.000000
7107.000000
8917.000000
4881.000000
3703.000000
2934.000000
4536.000000
5237.000000
9771.000000
2413.000000
7594.000000
7537.000000
7333.000000
233.000000
4292.000000
6083.000000
4884.000000
6031.000000
8146.000000
3761.000000
1995.000000
2385.000000
4347.000000
2012.000000
9585.000000
3652.000000
690.000000
1074.000000
1913.000000
8207.000000
5873.000000
6198.000000
1667.000000
4791.000000
7432.000000
5370.000000
4077.000000
8320.000000
608.000000
3848.000000
733.000000
4554.000000
7737.000000
8067.000000
4788.000000
2029.000000
502.000000
9672.000000
4413.000000
5000.000000
9786.000000
6408.000000
3737.000000
4133.000000
8420.000000
3323.000000
7786.000000
5463.000000
4397.000000
6051.000000
3670.000000
6623.000000
8602.000000
1689.000000
7766.000000
6034.000000
7060.000000
1843.000000
4354.000000
4020.000000
2043.000000
5087.000000
8574.000000
6132.000000
9506.000000
9714.000000
8161.000000
6360.000000
5739.000000
2574.000000
1360.000000
5525.000000
5335.000000
5098.000000
9658.000000
107.000000
8421.000000
3796.000000
5570.000000
9170.000000
9848.000000
9241.000000
5793.000000
8450.000000
7282.000000
3559.000000
4484.000000
4342.000000
5402.000000
5190.000000
8362.000000
3797.000000
6629.000000
3289.000000
9929.000000
6136.000000
3003.000000
4443.000000
2496.000000
8742.000000
3369.000000
209.000000
619.000000
8704.000000
5307.000000
6630.000000
5164.000000
80.000000
426.000000
734.000000
9250.000000
6626.000000
6327.000000
5044.000000
1428.000000
3610.000000
8603.000000
2264.000000
7952.000000
358.000000
7454.000000
2667.000000
507.000000
4084.000000
2308.000000
437.000000
220.000000
5311.000000
4880.000000
9068.000000
406.000000
4601.000000
9277.000000
1025.000000
9658.000000
936.000000
4007.000000
4822.000000
1016.000000
4434.000000
5556.000000
267.000000
7412.000000
1884.000000
1663.000000
8841.000000
1846.000000
266.000000
1105.000000
6150.000000
6976.000000
8560.000000
8817.000000
7484.000000
2644.000000
1125.000000
4273.000000
9216.000000
2789.000000
5505.000000
4636.000000
9547.000000
106.000000
266.000000
6924.000000
9764.000000
1202.000000
932.000000
4586.000000
8571.000000
5366.000000
6495.000000
5190.000000
9130.000000
4731.000000
6853.000000
7971.000000
6577.000000
3471.000000
9077.000000
2727.000000
448.000000
3989.000000
7897.000000
4284.000000
6633.000000
5374.000000
8557.000000
2201.000000
8163.000000
414.000000
3189.000000
7710.000000
520.000000
3455.000000
4635.000000
6637.000000
1010.000000
1919.000000
1223.000000
9581.000000
7285.000000
4070.000000
4771.000000
2767.000000
8801.000000
7976.000000
739.000000
5378.000000
1447.000000
9816.000000
4458.000000
8247.000000
3805.000000
2355.000000
8883.000000
6790.000000
7729.000000
3792.000000
5343.000000
2245.000000
4206.000000
8532.000000
9955.000000
4727.000000
8340.000000
942.000000
1364.000000
9350.000000
2861.000000
8939.000000
5283.000000
6498.000000
9362.000000
54.000000
9266.000000
8163.000000
4382.000000
6357.000000
9894.000000
5829.000000
6173.000000
4352.000000
4077.000000
6330.000000
3059.000000
2960.000000
9472.000000
7140.000000
6753.000000
1167.000000
9385.000000
7311.000000
9699.000000
5693.000000
2038.000000
4391.000000
2987.000000
9754.000000
3741.000000
2201.000000
5046.000000
9024.000000
8699.000000
4408.000000
5430.000000
4317.000000
8923.000000
9812.000000
674.000000
5169.000000
1994.000000
3199.000000
5873.000000
2423.000000
5881.000000
8932.000000
1735.000000
5353.000000
2425.000000
4840.000000
2872.000000
1810.000000
2152.000000
8924.000000
7503.000000
542.000000
3315.000000
6843.000000
297.000000
3409.000000
9044.000000
1695.000000
8785.000000
7743.000000
2455.000000
4216.000000
8413.000000
7730.000000
380.000000
5439.000000
2900.000000
8726.000000
4991.000000
5125.000000
1149.000000
872.000000
410.000000
2885.000000
2578.000000
2835.000000
7725.000000
5450.000000
4645.000000
6229.000000
4374.000000
8501.000000
6772.000000
7690.000000
5344.000000
3421.000000
1099.000000
4388.000000
5116.000000
9884.000000
8483.000000
3923.000000
452.000000
3248.000000
1653.000000
7185.000000
8688.000000
905.000000
2263.000000
3679.000000
6031.000000
3413.000000
903.000000
